*Time
0 1 1
0.000000000000e+00 0.000000000000e+00 0.000000000000e+00 
0.000000000000e+00 0.000000000000e+00 0.000000000000e+00 
0.000000000000e+00 0.000000000000e+00 0.000000000000e+00 
0.000000000000e+00 0.000000000000e+00 0.000000000000e+00 
0.000000000000e+00 0.000000000000e+00 0.000000000000e+00 
0.000000000000e+00 0.000000000000e+00 0.000000000000e+00 
0.000000000000e+00 0.000000000000e+00 0.000000000000e+00 
0.000000000000e+00 0.000000000000e+00 0.000000000000e+00 
0.000000000000e+00 0.000000000000e+00 0.000000000000e+00 
*Time
1 2 1
-2.874392922272e-19 -1.964364441288e-18 0.000000000000e+00 
1.250000000000e-03 -4.959031144013e-17 -1.138064096147e-01 
1.249999999999e-03 -2.770736379602e-04 -9.976911486117e-02 
-8.125780904000e-19 -3.088977933229e-04 0.000000000000e+00 
4.562210060017e-04 -3.203012251155e-20 0.000000000000e+00 
9.507265635190e-04 -0.000000000000e+00 0.000000000000e+00 
3.285540740029e-04 -4.524496512259e-04 0.000000000000e+00 
8.051235568388e-04 -4.403559055606e-04 0.000000000000e+00 
0.000000000000e+00 0.000000000000e+00 0.000000000000e+00 
*Time
2 3 1
6.070835880969e-20 1.312237146766e-18 0.000000000000e+00 
2.500000000000e-03 8.552325195445e-17 -2.274999561446e-01 
2.500000000000e-03 -5.539255689357e-04 -1.993799569086e-01 
5.145836058130e-18 -6.175266105226e-04 0.000000000000e+00 
9.124555821831e-04 -1.086345655666e-18 0.000000000000e+00 
1.901521871062e-03 4.785624834133e-19 0.000000000000e+00 
6.570290103598e-04 -9.045198915211e-04 0.000000000000e+00 
1.610247491166e-03 -8.803944611360e-04 0.000000000000e+00 
0.000000000000e+00 0.000000000000e+00 0.000000000000e+00 
*Time
3 4 1
2.589092587117e-19 -1.128105760946e-17 0.000000000000e+00 
3.750000000000e-03 1.863720904520e-17 -3.410806131212e-01 
3.750000000000e-03 -8.305544952344e-04 -2.988326470015e-01 
3.458170924361e-18 -9.258852340976e-04 0.000000000000e+00 
1.368703690864e-03 -1.487524233396e-18 0.000000000000e+00 
2.852385644664e-03 1.578490200182e-19 0.000000000000e+00 
9.854250797070e-04 -1.356209324993e-03 0.000000000000e+00 
2.415371867240e-03 -1.320114150046e-03 0.000000000000e+00 
0.000000000000e+00 0.000000000000e+00 0.000000000000e+00 
*Time
4 5 1
2.274157975294e-19 2.085270284603e-17 0.000000000000e+00 
4.999999999999e-03 -1.466766880041e-16 -4.545485885593e-01 
5.000000000000e-03 -1.106960616640e-03 -3.981275195766e-01 
-1.575793611938e-17 -1.233974015275e-03 0.000000000000e+00 
1.824965325919e-03 1.133118408451e-18 0.000000000000e+00 
3.803317913660e-03 6.247051339443e-19 0.000000000000e+00 
1.313742311754e-03 -1.807518429269e-03 0.000000000000e+00 
3.220496742249e-03 -1.759515299846e-03 0.000000000000e+00 
0.000000000000e+00 0.000000000000e+00 0.000000000000e+00 
*Time
5 6 1
-3.176171420758e-19 1.534796742003e-17 0.000000000000e+00 
6.250000000000e-03 -4.463540541458e-16 -5.679040939100e-01 
6.250000000000e-03 -1.383144134995e-03 -4.972649049366e-01 
-1.200493496312e-17 -1.541793313496e-03 0.000000000000e+00 
2.281240479531e-03 1.347080481561e-18 0.000000000000e+00 
4.754318703204e-03 -0.000000000000e+00 0.000000000000e+00 
1.641980745943e-03 -2.258447678905e-03 0.000000000000e+00 
4.025622180059e-03 -2.198598233716e-03 0.000000000000e+00 
0.000000000000e+00 0.000000000000e+00 0.000000000000e+00 
*Time
6 7 1
4.768650816770e-19 4.877883542722e-18 0.000000000000e+00 
7.500000000000e-03 1.049811186391e-15 -6.811473349529e-01 
7.500000000000e-03 -1.659105247092e-03 -5.962451372631e-01 
-1.560221588219e-17 -1.849343477214e-03 0.000000000000e+00 
2.737529146855e-03 5.088060756699e-18 0.000000000000e+00 
5.705388045661e-03 3.056587559193e-19 0.000000000000e+00 
1.970140411006e-03 -2.708997551341e-03 0.000000000000e+00 
4.830748237215e-03 -2.637363278590e-03 0.000000000000e+00 
0.000000000000e+00 0.000000000000e+00 0.000000000000e+00 
*Time
7 8 1
3.362346254138e-18 -3.941797526965e-17 0.000000000000e+00 
8.750000000000e-03 -2.563990032163e-16 -7.942785215134e-01 
8.750000000000e-03 -1.934844161203e-03 -6.950685437552e-01 
2.322800555535e-17 -2.156624863150e-03 0.000000000000e+00 
3.193831317037e-03 3.051395882219e-18 0.000000000000e+00 
6.656525959987e-03 -1.209244588762e-18 0.000000000000e+00 
2.298221344267e-03 -3.159168516906e-03 0.000000000000e+00 
5.635874976279e-03 -3.075810757990e-03 0.000000000000e+00 
0.000000000000e+00 0.000000000000e+00 0.000000000000e+00 
*Time
8 9 1
1.358917629402e-18 2.108207700733e-17 0.000000000000e+00 
1.000000000000e-02 -6.753307265049e-16 -9.072978616917e-01 
1.000000000001e-02 -2.210361074030e-03 -7.937354551262e-01 
-1.143638964249e-17 -2.463637823084e-03 0.000000000000e+00 
3.650146984740e-03 6.097232725232e-19 0.000000000000e+00 
7.607732476544e-03 -0.000000000000e+00 0.000000000000e+00 
2.626223579063e-03 -3.608961050276e-03 0.000000000000e+00 
6.441002456604e-03 -3.513940996503e-03 0.000000000000e+00 
0.000000000000e+00 0.000000000000e+00 0.000000000000e+00 
*Time
9 10 1
4.356792108308e-19 2.178188230796e-17 0.000000000000e+00 
1.125000000000e-02 -8.488988408826e-16 -1.020205561523e+00 
1.125000000001e-02 -2.485656182897e-03 -8.922462008350e-01 
-2.384829795266e-17 -2.770382707325e-03 0.000000000000e+00 
4.106476144175e-03 -4.418142191572e-19 0.000000000000e+00 
8.559007625719e-03 5.912263348879e-19 0.000000000000e+00 
2.954147147729e-03 -4.058375625566e-03 0.000000000000e+00 
7.246130738110e-03 -3.951754318536e-03 0.000000000000e+00 
0.000000000000e+00 0.000000000000e+00 0.000000000000e+00 
*Time
10 11 1
-2.956837253385e-18 -2.327767338319e-18 0.000000000000e+00 
1.250000000000e-02 -2.366034055446e-16 -1.133001829063e+00 
1.250000000001e-02 -2.760729694332e-03 -9.906011079761e-01 
-1.618967100629e-17 -3.076859869337e-03 0.000000000000e+00 
4.562818784780e-03 3.344030904470e-18 0.000000000000e+00 
9.510351427809e-03 5.845230807745e-19 0.000000000000e+00 
3.281992086440e-03 -4.507412711227e-03 0.000000000000e+00 
8.051259881664e-03 -4.389251046715e-03 0.000000000000e+00 
0.000000000000e+00 0.000000000000e+00 0.000000000000e+00 
*Time
11 12 1
6.813371627591e-19 8.382919342131e-18 0.000000000000e+00 
1.375000000000e-02 -3.814093979310e-16 -1.245686868047e+00 
1.375000000001e-02 -3.035581799663e-03 -1.088800505204e+00 
-1.741614845410e-17 -3.383069658320e-03 0.000000000000e+00 
5.019174903935e-03 -1.857589502606e-18 0.000000000000e+00 
1.046176391864e-02 1.155637630231e-18 0.000000000000e+00 
3.609758427463e-03 -4.956072782613e-03 0.000000000000e+00 
8.856389946211e-03 -4.826431504446e-03 0.000000000000e+00 
0.000000000000e+00 0.000000000000e+00 0.000000000000e+00 
*Time
12 13 1
1.385239168505e-18 -7.229777887622e-17 0.000000000000e+00 
1.500000000000e-02 5.573226356975e-16 -1.358260886662e+00 
1.500000000001e-02 -3.310212702115e-03 -1.186844716190e+00 
3.131171602689e-17 -3.689012426292e-03 0.000000000000e+00 
5.475544492284e-03 -3.044210078230e-18 0.000000000000e+00 
1.141324512082e-02 -0.000000000000e+00 0.000000000000e+00 
3.937446206865e-03 -5.404356307878e-03 0.000000000000e+00 
9.661520993879e-03 -5.263296014160e-03 0.000000000000e+00 
0.000000000000e+00 0.000000000000e+00 0.000000000000e+00 
*Time
13 14 1
2.346406352847e-19 1.925577638934e-18 0.000000000000e+00 
1.625000000000e-02 -1.300660293144e-15 -1.470724088470e+00 
1.625000000001e-02 -3.584622597982e-03 -1.284734069488e+00 
6.767464008622e-18 -3.994688522703e-03 0.000000000000e+00 
5.931927544265e-03 -6.669829801040e-18 0.000000000000e+00 
1.236479506491e-02 1.128815581131e-18 0.000000000000e+00 
4.265055458289e-03 -5.852263757628e-03 0.000000000000e+00 
1.046665308385e-02 -5.699844897782e-03 0.000000000000e+00 
0.000000000000e+00 0.000000000000e+00 0.000000000000e+00 
*Time
14 15 1
-9.607757189910e-19 -2.250632988171e-17 0.000000000000e+00 
1.750000000000e-02 2.050429158093e-15 -1.583076678793e+00 
1.750000000001e-02 -3.858811683415e-03 -1.382468887962e+00 
6.624696670166e-18 -4.300098292822e-03 0.000000000000e+00 
6.388324053829e-03 -7.876573925432e-18 0.000000000000e+00 
1.331641378041e-02 -0.000000000000e+00 0.000000000000e+00 
4.592586212165e-03 -6.299795602100e-03 0.000000000000e+00 
1.127178627494e-02 -6.136078479311e-03 0.000000000000e+00 
0.000000000000e+00 0.000000000000e+00 0.000000000000e+00 
*Time
15 16 1
-7.906968847157e-19 -1.488304437404e-17 0.000000000000e+00 
1.875000000000e-02 -9.475419669670e-16 -1.695318860696e+00 
1.875000000001e-02 -4.132780161476e-03 -1.480049497497e+00 
3.269743563300e-17 -4.605242094565e-03 0.000000000000e+00 
6.844734012349e-03 1.210372454822e-17 0.000000000000e+00 
1.426810129052e-02 -0.000000000000e+00 0.000000000000e+00 
4.920038512418e-03 -6.746952307360e-03 0.000000000000e+00 
1.207692063210e-02 -6.571997074644e-03 0.000000000000e+00 
0.000000000000e+00 0.000000000000e+00 0.000000000000e+00 
*Time
16 17 1
-1.454507080013e-18 -4.967560560235e-17 0.000000000000e+00 
2.000000000000e-02 -1.037272233042e-15 -1.807450839606e+00 
2.000000000001e-02 -4.406528225105e-03 -1.577476219764e+00 
5.928393062854e-17 -4.910120267971e-03 0.000000000000e+00 
7.301157414774e-03 1.050963580013e-18 0.000000000000e+00 
1.521985762746e-02 -1.088553402169e-18 0.000000000000e+00 
5.247412384470e-03 -7.193734342794e-03 0.000000000000e+00 
1.288205621127e-02 -7.007601009862e-03 0.000000000000e+00 
0.000000000000e+00 0.000000000000e+00 0.000000000000e+00 
*Time
17 18 1
-1.391613831839e-18 -2.400760649922e-17 0.000000000000e+00 
2.125000000000e-02 -1.278895589496e-15 -1.919472814613e+00 
2.125000000001e-02 -4.680056068314e-03 -1.674749378773e+00 
-1.707514481052e-17 -5.214733165297e-03 0.000000000000e+00 
7.757594256547e-03 2.498756849813e-18 0.000000000000e+00 
1.617168282335e-02 -2.150247864135e-18 0.000000000000e+00 
5.574707867607e-03 -7.640142177411e-03 0.000000000000e+00 
1.368719307476e-02 -7.442890602819e-03 0.000000000000e+00 
0.000000000000e+00 0.000000000000e+00 0.000000000000e+00 
*Time
18 19 1
1.028596171844e-18 3.980606646386e-17 0.000000000000e+00 
2.250000000000e-02 -1.736515077945e-16 -2.031384992854e+00 
2.250000000001e-02 -4.953363895444e-03 -1.771869295051e+00 
-3.559766387680e-17 -5.519081132428e-03 0.000000000000e+00 
8.214044527226e-03 -9.162647211635e-18 0.000000000000e+00 
1.712357689839e-02 2.123380189807e-18 0.000000000000e+00 
5.901924995552e-03 -8.086176273423e-03 0.000000000000e+00 
1.449233128336e-02 -7.877866173674e-03 0.000000000000e+00 
0.000000000000e+00 0.000000000000e+00 0.000000000000e+00 
*Time
19 20 1
3.517593358689e-18 2.843840928783e-17 0.000000000000e+00 
2.375000000000e-02 2.888708800101e-15 -2.143187573027e+00 
2.375000000001e-02 -5.226451895284e-03 -1.868836290516e+00 
1.686508477775e-17 -5.823164516003e-03 0.000000000000e+00 
8.670508224108e-03 3.024910967402e-18 0.000000000000e+00 
1.807553988894e-02 -1.048253989878e-18 0.000000000000e+00 
6.229063802356e-03 -8.531837100106e-03 0.000000000000e+00 
1.529747089651e-02 -8.312528042697e-03 0.000000000000e+00 
0.000000000000e+00 0.000000000000e+00 0.000000000000e+00 
*Time
20 21 1
-8.157992932935e-19 3.808792563106e-17 0.000000000000e+00 
2.500000000000e-02 1.397792512362e-15 -2.254880758596e+00 
2.500000000001e-02 -5.499320263682e-03 -1.965650685508e+00 
-4.411657743128e-17 -6.126983661906e-03 0.000000000000e+00 
9.126985340896e-03 -1.883553026812e-17 0.000000000000e+00 
1.902757182365e-02 2.069623888394e-18 0.000000000000e+00 
6.556124322660e-03 -8.977125122250e-03 0.000000000000e+00 
1.610261197540e-02 -8.746876528957e-03 0.000000000000e+00 
0.000000000000e+00 0.000000000000e+00 0.000000000000e+00 
