*Time
0 1 1
0.000000000000e+00 0.000000000000e+00 0.000000000000e+00 
0.000000000000e+00 0.000000000000e+00 0.000000000000e+00 
0.000000000000e+00 0.000000000000e+00 0.000000000000e+00 
0.000000000000e+00 0.000000000000e+00 0.000000000000e+00 
0.000000000000e+00 0.000000000000e+00 0.000000000000e+00 
0.000000000000e+00 0.000000000000e+00 0.000000000000e+00 
0.000000000000e+00 0.000000000000e+00 0.000000000000e+00 
0.000000000000e+00 0.000000000000e+00 0.000000000000e+00 
0.000000000000e+00 0.000000000000e+00 0.000000000000e+00 
*Time
1 2 1
5.260196160608e-32 1.744892529615e-31 0.000000000000e+00 
1.250000000000e-03 2.637753651833e-30 -1.170492421069e-01 
1.250000000000e-03 -2.883827124833e-04 -1.005720172264e-01 
-6.808162353409e-31 -3.198266345665e-04 0.000000000000e+00 
4.651469142224e-04 -2.465190328816e-32 0.000000000000e+00 
9.499952431814e-04 -2.575931300618e-33 0.000000000000e+00 
3.300238176277e-04 -4.632236066527e-04 0.000000000000e+00 
7.981882573621e-04 -4.496082071894e-04 0.000000000000e+00 
0.000000000000e+00 0.000000000000e+00 0.000000000000e+00 
*Time
2 3 1
-6.403717065088e-33 4.337194234760e-31 0.000000000000e+00 
2.500000000000e-03 -3.155443620884e-30 -2.339842478433e-01 
2.500000000000e-03 -5.765350532468e-04 -2.009814443443e-01 
-1.002446536054e-31 -6.393719292629e-04 0.000000000000e+00 
9.303147248801e-04 8.628166150855e-32 0.000000000000e+00 
1.900053520187e-03 -1.733336949949e-33 0.000000000000e+00 
6.599714230404e-04 -9.260464738672e-04 0.000000000000e+00 
1.596370104898e-03 -8.988789342552e-04 0.000000000000e+00 
0.000000000000e+00 0.000000000000e+00 0.000000000000e+00 
*Time
3 4 1
9.412982603193e-33 -1.201780285298e-31 0.000000000000e+00 
3.750000000000e-03 -7.592786212752e-30 -3.508052308860e-01 
3.750000000000e-03 -8.644571816651e-04 -3.012286213269e-01 
-1.232595164408e-31 -9.586361985507e-04 0.000000000000e+00 
1.395503459834e-03 -1.275735995162e-30 0.000000000000e+00 
2.850174814976e-03 -3.370377402678e-33 0.000000000000e+00 
9.898428919037e-04 -1.388469046303e-03 0.000000000000e+00 
2.394545572625e-03 -1.347812465059e-03 0.000000000000e+00 
0.000000000000e+00 0.000000000000e+00 0.000000000000e+00 
*Time
4 5 1
-1.675559051617e-32 -8.782240546406e-31 0.000000000000e+00 
5.000000000000e-03 -6.298561290124e-30 -4.675124098868e-01 
5.000000000000e-03 -1.152149324693e-03 -4.013138941562e-01 
7.333941228227e-31 -1.277619827993e-03 0.000000000000e+00 
1.860713117768e-03 -1.084683744679e-30 0.000000000000e+00 
3.800359146487e-03 3.321706348079e-33 0.000000000000e+00 
1.319638268694e-03 -1.850491841604e-03 0.000000000000e+00 
3.192714721841e-03 -1.796409154896e-03 0.000000000000e+00 
0.000000000000e+00 0.000000000000e+00 0.000000000000e+00 
*Time
5 6 1
-1.699633175922e-32 -1.935174408120e-30 0.000000000000e+00 
6.250000000000e-03 -9.071900410042e-30 -5.841060040620e-01 
6.250000000000e-03 -1.439611709256e-03 -5.012376070608e-01 
9.799131557042e-31 -1.596323196602e-03 0.000000000000e+00 
2.325943697062e-03 -8.135128085092e-31 0.000000000000e+00 
4.750606533312e-03 -6.548161810917e-33 0.000000000000e+00 
1.649357592038e-03 -2.312115376342e-03 0.000000000000e+00 
3.990877610910e-03 -2.244669361622e-03 0.000000000000e+00 
0.000000000000e+00 0.000000000000e+00 0.000000000000e+00 
*Time
6 7 1
1.251854463852e-32 -3.546792585584e-30 0.000000000000e+00 
7.500000000000e-03 -4.180962797671e-29 -7.005862311145e-01 
7.500000000000e-03 -1.726844561992e-03 -6.010001034424e-01 
2.127189623576e-30 -1.914746686196e-03 0.000000000000e+00 
2.791195196148e-03 4.240127365563e-30 0.000000000000e+00 
5.700916994029e-03 0.000000000000e+00 0.000000000000e+00 
1.979000904095e-03 -2.773340166246e-03 0.000000000000e+00 
4.789034299907e-03 -2.692593440885e-03 0.000000000000e+00 
0.000000000000e+00 0.000000000000e+00 0.000000000000e+00 
*Time
7 8 1
-2.108893289104e-32 9.891576194373e-31 0.000000000000e+00 
8.750000000000e-03 8.578862344279e-30 -8.169533090294e-01 
8.750000000000e-03 -2.013848107803e-03 -7.006017265040e-01 
1.602373713730e-31 -2.232890680182e-03 0.000000000000e+00 
3.256467614185e-03 2.465190328816e-31 0.000000000000e+00 
6.651290548807e-03 -8.088905766426e-33 0.000000000000e+00 
2.308568249149e-03 -3.234166726813e-03 0.000000000000e+00 
5.587184849924e-03 -3.140181746676e-03 0.000000000000e+00 
0.000000000000e+00 0.000000000000e+00 0.000000000000e+00 
*Time
8 9 1
6.837051302575e-32 3.679296565757e-30 0.000000000000e+00 
1.000000000000e-02 -6.074228970202e-29 -9.332074545179e-01 
1.000000000000e-02 -2.300622571486e-03 -8.000428181163e-01 
-3.328006943901e-30 -2.550755556555e-03 0.000000000000e+00 
3.721760950200e-03 6.113672015463e-30 0.000000000000e+00 
7.601727217399e-03 -1.271113763296e-32 0.000000000000e+00 
2.638059666842e-03 -3.694595572671e-03 0.000000000000e+00 
6.385329319838e-03 -3.587434634959e-03 0.000000000000e+00 
0.000000000000e+00 0.000000000000e+00 0.000000000000e+00 
*Time
9 10 1
-1.256669288713e-31 7.149051953565e-31 0.000000000000e+00 
1.125000000000e-02 -1.412061020346e-28 -1.049348884486e+00 
1.125000000001e-02 -2.587168178878e-03 -8.993237195428e-01 
-2.039944997095e-30 -2.868341696891e-03 0.000000000000e+00 
4.187075202561e-03 4.141519752410e-30 0.000000000000e+00 
8.552227018321e-03 0.000000000000e+00 0.000000000000e+00 
2.967475201028e-03 -4.154627216722e-03 0.000000000000e+00 
7.183467770542e-03 -4.034352459070e-03 0.000000000000e+00 
0.000000000000e+00 0.000000000000e+00 0.000000000000e+00 
*Time
10 11 1
5.676678511081e-32 7.407896938091e-30 0.000000000000e+00 
1.250000000000e-02 -7.296963373294e-30 -1.165377814655e+00 
1.250000000001e-02 -2.873485153290e-03 -9.984447708135e-01 
1.799588940035e-30 -3.185649480319e-03 0.000000000000e+00 
4.652410370756e-03 -9.860761315263e-31 0.000000000000e+00 
9.502789972398e-03 1.540743955510e-33 0.000000000000e+00 
3.296814893834e-03 -4.614262172356e-03 0.000000000000e+00 
7.981600261999e-03 -4.480935572723e-03 0.000000000000e+00 
0.000000000000e+00 0.000000000000e+00 0.000000000000e+00 
*Time
11 12 1
2.260439901603e-31 8.036520471939e-30 0.000000000000e+00 
1.375000000000e-02 -7.888609052210e-31 -1.281294460480e+00 
1.375000000001e-02 -3.159573719931e-03 -1.097406311644e+00 
-3.734763348156e-30 -3.502679284949e-03 0.000000000000e+00 
5.117766453222e-03 2.465190328816e-30 0.000000000000e+00 
1.045341609820e-02 -6.162975822039e-33 0.000000000000e+00 
3.626078786904e-03 -5.073500950835e-03 0.000000000000e+00 
8.779726854043e-03 -4.927184329446e-03 0.000000000000e+00 
0.000000000000e+00 0.000000000000e+00 0.000000000000e+00 
*Time
12 13 1
-6.952607099238e-32 4.942706609275e-30 0.000000000000e+00 
1.500000000000e-02 7.923121716814e-29 -1.397099036431e+00 
1.500000000001e-02 -3.445434099704e-03 -1.196208681240e+00 
-3.759415251444e-30 -3.819431488612e-03 0.000000000000e+00 
5.583143450265e-03 -2.465190328816e-30 0.000000000000e+00 
1.140410541821e-02 3.004450713244e-32 0.000000000000e+00 
3.955266922341e-03 -5.532344064463e-03 0.000000000000e+00 
9.577847606610e-03 -5.373099082098e-03 0.000000000000e+00 
0.000000000000e+00 0.000000000000e+00 0.000000000000e+00 
*Time
13 14 1
2.501782997759e-31 -3.805637570109e-30 0.000000000000e+00 
1.625000000000e-02 5.206481974459e-29 -1.512791757050e+00 
1.625000000001e-02 -3.731066517285e-03 -1.294852216873e+00 
9.466330862652e-30 -4.135906469538e-03 0.000000000000e+00 
6.048541360374e-03 -2.563797941968e-30 0.000000000000e+00 
1.235485795103e-02 -2.368893831596e-32 0.000000000000e+00 
4.284379343281e-03 -5.990792022865e-03 0.000000000000e+00 
1.037596258021e-02 -5.818680182475e-03 0.000000000000e+00 
0.000000000000e+00 0.000000000000e+00 0.000000000000e+00 
*Time
14 15 1
-2.677042622698e-32 -1.491440148933e-30 0.000000000000e+00 
1.750000000000e-02 -9.318419442923e-30 -1.628372836332e+00 
1.750000000001e-02 -4.016471194976e-03 -1.393337255856e+00 
5.805523224361e-30 -4.452104604829e-03 0.000000000000e+00 
6.513960182856e-03 -9.860761315263e-31 0.000000000000e+00 
1.330567371723e-02 -4.699269064305e-32 0.000000000000e+00 
4.613416092534e-03 -6.448845335679e-03 0.000000000000e+00 
1.117407183517e-02 -6.263927982137e-03 0.000000000000e+00 
0.000000000000e+00 0.000000000000e+00 0.000000000000e+00 
*Time
15 16 1
-9.282982331946e-32 3.759415251444e-30 0.000000000000e+00 
1.875000000000e-02 2.003706699261e-28 -1.743842487110e+00 
1.875000000001e-02 -4.301648352427e-03 -1.491664134328e+00 
9.145856119906e-30 -4.768026270082e-03 0.000000000000e+00 
6.979399918283e-03 -1.676329423595e-29 0.000000000000e+00 
1.425655273970e-02 2.311115933265e-32 0.000000000000e+00 
4.942377211733e-03 -6.906504512827e-03 0.000000000000e+00 
1.197217543116e-02 -6.708842832827e-03 0.000000000000e+00 
0.000000000000e+00 0.000000000000e+00 0.000000000000e+00 
*Time
16 17 1
9.810687136709e-31 1.941029235151e-29 0.000000000000e+00 
2.000000000000e-02 -1.025519176787e-29 -1.859200922022e+00 
2.000000000001e-02 -4.586598213760e-03 -1.589833188212e+00 
-2.106505135973e-29 -5.083671842183e-03 0.000000000000e+00 
7.444860564973e-03 1.932709217791e-29 0.000000000000e+00 
1.520749503680e-02 -2.282226984099e-32 0.000000000000e+00 
5.271262744818e-03 -7.363770061175e-03 0.000000000000e+00 
1.277027342907e-02 -7.153425084486e-03 0.000000000000e+00 
0.000000000000e+00 0.000000000000e+00 0.000000000000e+00 
*Time
17 18 1
8.782240546406e-32 -1.824240843324e-30 0.000000000000e+00 
2.125000000000e-02 7.573064690122e-29 -1.974448353522e+00 
2.125000000001e-02 -4.871320998084e-03 -1.687844751788e+00 
2.218671295934e-31 -5.399041696006e-03 0.000000000000e+00 
7.910342123312e-03 -6.902532920684e-30 0.000000000000e+00 
1.615850063125e-02 -1.126669017467e-32 0.000000000000e+00 
5.600072734190e-03 -7.820642488790e-03 0.000000000000e+00 
1.356836588897e-02 -7.597675087601e-03 0.000000000000e+00 
0.000000000000e+00 0.000000000000e+00 0.000000000000e+00 
*Time
18 19 1
1.443291900324e-30 9.392375152788e-30 0.000000000000e+00 
2.250000000000e-02 2.177256098410e-28 -2.089584992666e+00 
2.250000000001e-02 -5.155816926552e-03 -1.785699158929e+00 
-1.453229698837e-29 -5.714136204905e-03 0.000000000000e+00 
8.375844592807e-03 -2.263044721853e-29 0.000000000000e+00 
1.710956954375e-02 0.000000000000e+00 0.000000000000e+00 
5.928807221327e-03 -8.277122302048e-03 0.000000000000e+00 
1.436645287044e-02 -8.041593192486e-03 0.000000000000e+00 
0.000000000000e+00 0.000000000000e+00 0.000000000000e+00 
*Time
19 20 1
8.628166150855e-32 -8.923988990313e-30 0.000000000000e+00 
2.375000000000e-02 2.619018205334e-28 -2.204611050938e+00 
2.375000000001e-02 -5.440086218968e-03 -1.883396742704e+00 
1.898196553188e-30 -6.028955745809e-03 0.000000000000e+00 
8.841367973324e-03 -1.055101460733e-29 0.000000000000e+00 
1.806070179589e-02 0.000000000000e+00 0.000000000000e+00 
6.257466252069e-03 -8.733210006636e-03 0.000000000000e+00 
1.516453443523e-02 -8.485179746929e-03 0.000000000000e+00 
0.000000000000e+00 0.000000000000e+00 0.000000000000e+00 
*Time
20 21 1
-3.389636702122e-32 7.321615276583e-30 0.000000000000e+00 
2.500000000000e-02 -8.697191480062e-29 -2.319526738469e+00 
2.500000000001e-02 -5.724129094921e-03 -1.980937835791e+00 
-1.158639454543e-30 -6.343500689648e-03 0.000000000000e+00 
9.306912264795e-03 1.347226514698e-29 0.000000000000e+00 
1.901189740930e-02 0.000000000000e+00 0.000000000000e+00 
6.586049866812e-03 -9.188906107588e-03 0.000000000000e+00 
1.596261064244e-02 -8.928435100926e-03 0.000000000000e+00 
0.000000000000e+00 0.000000000000e+00 0.000000000000e+00 
