*Time
0 1 1
0.000000000000e+00 0.000000000000e+00 0.000000000000e+00 
0.000000000000e+00 0.000000000000e+00 0.000000000000e+00 
0.000000000000e+00 0.000000000000e+00 0.000000000000e+00 
0.000000000000e+00 0.000000000000e+00 0.000000000000e+00 
0.000000000000e+00 0.000000000000e+00 0.000000000000e+00 
0.000000000000e+00 0.000000000000e+00 0.000000000000e+00 
0.000000000000e+00 0.000000000000e+00 0.000000000000e+00 
0.000000000000e+00 0.000000000000e+00 0.000000000000e+00 
0.000000000000e+00 0.000000000000e+00 0.000000000000e+00 
*Time
1 2 1
-1.237409989269e-32 3.759415251444e-31 0.000000000000e+00 
1.250000000000e-03 3.525222170206e-30 -1.170492421069e-01 
1.250000000000e-03 -2.883827124833e-04 -1.005720172264e-01 
4.468157470978e-32 -3.198266345665e-04 0.000000000000e+00 
4.651469142224e-04 6.779273404243e-31 0.000000000000e+00 
9.499952431814e-04 -1.721299887796e-33 0.000000000000e+00 
3.300238176277e-04 -4.632236066527e-04 0.000000000000e+00 
7.981882573621e-04 -4.496082071894e-04 0.000000000000e+00 
0.000000000000e+00 0.000000000000e+00 0.000000000000e+00 
*Time
2 3 1
1.107409718023e-32 -1.469869733556e-30 0.000000000000e+00 
2.500000000000e-03 1.064962222048e-29 -2.339842481235e-01 
2.500000000000e-03 -5.765350534718e-04 -2.009814442363e-01 
-9.629649721936e-31 -6.393719291801e-04 0.000000000000e+00 
9.303147247124e-04 -1.833485307057e-31 0.000000000000e+00 
1.900053519946e-03 -6.804895962154e-33 0.000000000000e+00 
6.599714229773e-04 -9.260464737603e-04 0.000000000000e+00 
1.596370104868e-03 -8.988789342864e-04 0.000000000000e+00 
0.000000000000e+00 0.000000000000e+00 0.000000000000e+00 
*Time
3 4 1
2.600005424923e-33 1.386669559959e-31 0.000000000000e+00 
3.750000000000e-03 1.084683744679e-29 -3.508052309421e-01 
3.750000000000e-03 -8.644571815907e-04 -3.012286213202e-01 
-3.250969746126e-31 -9.586361997949e-04 0.000000000000e+00 
1.395503459851e-03 4.930380657631e-32 0.000000000000e+00 
2.850174815056e-03 -5.874086330381e-33 0.000000000000e+00 
9.898428931448e-04 -1.388469046349e-03 0.000000000000e+00 
2.394545573245e-03 -1.347812464448e-03 0.000000000000e+00 
0.000000000000e+00 0.000000000000e+00 0.000000000000e+00 
*Time
4 5 1
3.909637787106e-32 -2.465190328816e-32 0.000000000000e+00 
5.000000000000e-03 -2.169367489358e-30 -4.675124097367e-01 
5.000000000000e-03 -1.152149325139e-03 -4.013138943916e-01 
-1.707144302705e-30 -1.277619827802e-03 0.000000000000e+00 
1.860713117566e-03 -3.697785493223e-31 0.000000000000e+00 
3.800359146065e-03 5.777789833162e-34 0.000000000000e+00 
1.319638268477e-03 -1.850491841391e-03 0.000000000000e+00 
3.192714721746e-03 -1.796409154996e-03 0.000000000000e+00 
0.000000000000e+00 0.000000000000e+00 0.000000000000e+00 
*Time
5 6 1
7.626682579773e-32 -1.479114197289e-31 0.000000000000e+00 
6.250000000000e-03 -2.248253579880e-29 -5.841060039597e-01 
6.250000000000e-03 -1.439611708954e-03 -5.012376068757e-01 
-6.224605580260e-31 -1.596323195627e-03 0.000000000000e+00 
2.325943697203e-03 -1.725633230171e-30 0.000000000000e+00 
4.750606533580e-03 -1.309632362183e-32 0.000000000000e+00 
1.649357591076e-03 -2.312115376488e-03 0.000000000000e+00 
3.990877610426e-03 -2.244669362135e-03 0.000000000000e+00 
0.000000000000e+00 0.000000000000e+00 0.000000000000e+00 
*Time
6 7 1
7.414830285891e-32 3.939682294239e-30 0.000000000000e+00 
7.500000000000e-03 4.555671727651e-29 -7.005862311523e-01 
7.500000000000e-03 -1.726844562100e-03 -6.010001034696e-01 
4.979684464208e-30 -1.914746686280e-03 0.000000000000e+00 
2.791195196077e-03 1.479114197289e-31 0.000000000000e+00 
5.700916993939e-03 1.309632362183e-32 0.000000000000e+00 
1.979000904191e-03 -2.773340166195e-03 0.000000000000e+00 
4.789034299940e-03 -2.692593440835e-03 0.000000000000e+00 
0.000000000000e+00 0.000000000000e+00 0.000000000000e+00 
*Time
7 8 1
-2.852302247637e-31 3.814882033842e-30 0.000000000000e+00 
8.750000000000e-03 2.248253579880e-29 -8.169533091265e-01 
8.750000000000e-03 -2.013848107292e-03 -7.006017264389e-01 
-1.041542913925e-30 -2.232890680000e-03 0.000000000000e+00 
3.256467614410e-03 -5.423418723394e-30 0.000000000000e+00 
6.651290549279e-03 -1.280743413018e-32 0.000000000000e+00 
2.308568248951e-03 -3.234166727040e-03 0.000000000000e+00 
5.587184849826e-03 -3.140181746792e-03 0.000000000000e+00 
0.000000000000e+00 0.000000000000e+00 0.000000000000e+00 
*Time
8 9 1
-1.829633447168e-33 -2.230997247578e-30 0.000000000000e+00 
1.000000000000e-02 2.366582715663e-30 -9.332074546054e-01 
1.000000000000e-02 -2.300622571095e-03 -8.000428181541e-01 
1.028061404314e-30 -2.550755557033e-03 0.000000000000e+00 
3.721760950374e-03 5.669937756276e-31 0.000000000000e+00 
7.601727217806e-03 -1.264943840060e-32 0.000000000000e+00 
2.638059667302e-03 -3.694595572837e-03 0.000000000000e+00 
6.385329320043e-03 -3.587434634744e-03 0.000000000000e+00 
0.000000000000e+00 0.000000000000e+00 0.000000000000e+00 
*Time
9 10 1
-9.822242716375e-33 8.135128085092e-31 0.000000000000e+00 
1.125000000000e-02 2.277835863826e-29 -1.049348884407e+00 
1.125000000001e-02 -2.587168177881e-03 -8.993237195927e-01 
-2.603857284812e-31 -2.868341696967e-03 0.000000000000e+00 
4.187075203047e-03 -6.779273404243e-31 0.000000000000e+00 
8.552227019310e-03 -4.237045877652e-33 0.000000000000e+00 
2.967475201111e-03 -4.154627217208e-03 0.000000000000e+00 
7.183467770572e-03 -4.034352459031e-03 0.000000000000e+00 
0.000000000000e+00 0.000000000000e+00 0.000000000000e+00 
*Time
10 11 1
-8.483721405026e-32 1.873544649900e-30 0.000000000000e+00 
1.250000000000e-02 -1.577721810442e-30 -1.165377814655e+00 
1.250000000001e-02 -2.873485153870e-03 -9.984447707496e-01 
2.341930812375e-30 -3.185649479851e-03 0.000000000000e+00 
4.652410370453e-03 -1.084683744679e-30 0.000000000000e+00 
9.502789971825e-03 2.465190328816e-32 0.000000000000e+00 
3.296814893354e-03 -4.614262172084e-03 0.000000000000e+00 
7.981600261763e-03 -4.480935572984e-03 0.000000000000e+00 
0.000000000000e+00 0.000000000000e+00 0.000000000000e+00 
*Time
11 12 1
-1.660151612062e-31 8.332343311397e-30 0.000000000000e+00 
1.375000000000e-02 -1.767048427695e-28 -1.281294460545e+00 
1.375000000001e-02 -3.159573719869e-03 -1.097406311803e+00 
-1.455694889166e-29 -3.502679284510e-03 0.000000000000e+00 
5.117766453193e-03 1.129057170598e-29 0.000000000000e+00 
1.045341609822e-02 4.862973109578e-32 0.000000000000e+00 
3.626078786458e-03 -5.073500950832e-03 0.000000000000e+00 
8.779726853815e-03 -4.927184329673e-03 0.000000000000e+00 
0.000000000000e+00 0.000000000000e+00 0.000000000000e+00 
*Time
12 13 1
-3.784452340721e-32 -1.087765232590e-29 0.000000000000e+00 
1.500000000000e-02 6.705317694379e-30 -1.397099036301e+00 
1.500000000001e-02 -3.445434099956e-03 -1.196208681280e+00 
1.871079459571e-29 -3.819431488879e-03 0.000000000000e+00 
5.583143450178e-03 -7.888609052210e-31 0.000000000000e+00 
1.140410541798e-02 1.203706215242e-32 0.000000000000e+00 
3.955266922592e-03 -5.532344064353e-03 0.000000000000e+00 
9.577847606737e-03 -5.373099081966e-03 0.000000000000e+00 
0.000000000000e+00 0.000000000000e+00 0.000000000000e+00 
*Time
13 14 1
-6.779273404243e-32 3.759415251444e-31 0.000000000000e+00 
1.625000000000e-02 3.549874073495e-29 -1.512791757239e+00 
1.625000000001e-02 -3.731066517144e-03 -1.294852216830e+00 
-1.301928642406e-30 -4.135906469552e-03 0.000000000000e+00 
6.048541360433e-03 5.423418723394e-31 0.000000000000e+00 
1.235485795116e-02 -0.000000000000e+00 0.000000000000e+00 
4.284379343304e-03 -5.990792022912e-03 0.000000000000e+00 
1.037596258022e-02 -5.818680182452e-03 0.000000000000e+00 
0.000000000000e+00 0.000000000000e+00 0.000000000000e+00 
*Time
14 15 1
6.760014104799e-32 3.784067154732e-30 0.000000000000e+00 
1.750000000000e-02 -1.318876825916e-29 -1.628372836074e+00 
1.750000000001e-02 -4.016471194056e-03 -1.393337256070e+00 
-4.763980310436e-30 -4.452104604606e-03 0.000000000000e+00 
6.513960183322e-03 1.375576203479e-29 0.000000000000e+00 
1.330567371817e-02 0.000000000000e+00 0.000000000000e+00 
4.613416092290e-03 -6.448845336138e-03 0.000000000000e+00 
1.117407183504e-02 -6.263927982273e-03 0.000000000000e+00 
0.000000000000e+00 0.000000000000e+00 0.000000000000e+00 
*Time
15 16 1
2.548005316424e-31 5.374114916818e-30 0.000000000000e+00 
1.875000000000e-02 -1.064962222048e-29 -1.743842486986e+00 
1.875000000001e-02 -4.301648352657e-03 -1.491664134390e+00 
4.400364736936e-30 -4.768026270567e-03 0.000000000000e+00 
6.979399918201e-03 6.803925307531e-30 0.000000000000e+00 
1.425655273953e-02 -2.311115933265e-32 0.000000000000e+00 
4.942377212243e-03 -6.906504512759e-03 0.000000000000e+00 
1.197217543141e-02 -6.708842832551e-03 0.000000000000e+00 
0.000000000000e+00 0.000000000000e+00 0.000000000000e+00 
*Time
16 17 1
-1.941337383942e-31 -1.105637862474e-29 0.000000000000e+00 
2.000000000000e-02 3.983747571366e-29 -1.859200921990e+00 
2.000000000001e-02 -4.586598213439e-03 -1.589833188065e+00 
1.216571427271e-29 -5.083671842273e-03 0.000000000000e+00 
7.444860565113e-03 2.154576347385e-29 0.000000000000e+00 
1.520749503710e-02 0.000000000000e+00 0.000000000000e+00 
5.271262744928e-03 -7.363770061338e-03 0.000000000000e+00 
1.277027342911e-02 -7.153425084446e-03 0.000000000000e+00 
0.000000000000e+00 0.000000000000e+00 0.000000000000e+00 
*Time
17 18 1
7.524367551478e-32 -9.396997384654e-30 0.000000000000e+00 
2.125000000000e-02 2.806372670324e-28 -1.974448353375e+00 
2.125000000001e-02 -4.871320997976e-03 -1.687844751685e+00 
5.176899690513e-31 -5.399041695711e-03 0.000000000000e+00 
7.910342123356e-03 -1.345993919533e-29 0.000000000000e+00 
1.615850063136e-02 -4.502515489784e-32 0.000000000000e+00 
5.600072733864e-03 -7.820642488869e-03 0.000000000000e+00 
1.356836588878e-02 -7.597675087771e-03 0.000000000000e+00 
0.000000000000e+00 0.000000000000e+00 0.000000000000e+00 
*Time
18 19 1
-8.944018661734e-31 2.218671295934e-29 0.000000000000e+00 
2.250000000000e-02 -1.185263510095e-28 -2.089584992756e+00 
2.250000000001e-02 -5.155816926582e-03 -1.785699158801e+00 
-1.409472570500e-29 -5.714136205361e-03 0.000000000000e+00 
8.375844592780e-03 1.664003471951e-29 0.000000000000e+00 
1.710956954371e-02 -8.883955658545e-32 0.000000000000e+00 
5.928807221785e-03 -8.277122302032e-03 0.000000000000e+00 
1.436645287066e-02 -8.041593192262e-03 0.000000000000e+00 
0.000000000000e+00 0.000000000000e+00 0.000000000000e+00 
*Time
19 20 1
3.126265782227e-31 -4.468157470978e-31 0.000000000000e+00 
2.375000000000e-02 1.577721810442e-28 -2.204611050900e+00 
2.375000000001e-02 -5.440086218735e-03 -1.883396742747e+00 
-1.025519176787e-29 -6.028955745358e-03 0.000000000000e+00 
8.841367973442e-03 -2.366582715663e-30 0.000000000000e+00 
1.806070179615e-02 2.190854596366e-32 0.000000000000e+00 
6.257466251637e-03 -8.733210006782e-03 0.000000000000e+00 
1.516453443501e-02 -8.485179747135e-03 0.000000000000e+00 
0.000000000000e+00 0.000000000000e+00 0.000000000000e+00 
*Time
20 21 1
-2.769487260029e-31 -4.474320446800e-30 0.000000000000e+00 
2.500000000000e-02 6.310887241768e-30 -2.319526738588e+00 
2.500000000001e-02 -5.724129095000e-03 -1.980937835409e+00 
2.703235269942e-30 -6.343500689505e-03 0.000000000000e+00 
9.306912264769e-03 3.372380369820e-29 0.000000000000e+00 
1.901189740925e-02 4.314083075427e-32 0.000000000000e+00 
6.586049866675e-03 -9.188906107593e-03 0.000000000000e+00 
1.596261064234e-02 -8.928435100998e-03 0.000000000000e+00 
0.000000000000e+00 0.000000000000e+00 0.000000000000e+00 
