*Parameter Groups
      7
*Real Parameters
  0
 6*7
 0.0 0.0 3.0 0.0 0.0 0.0 0.0 
 0.0 0.0 3.0 0.0 0.0 0.0 0.0 
 0.0 0.0 3.0 0.0 0.0 0.0 0.0 
 0.0 0.0 3.0 0.0 0.0 0.0 0.0 
 0.0 0.0 3.0 0.0 0.0 0.0 0.0 
 0.0 0.0 3.0 0.0 0.0 0.0 0.0 

*Integer Parameters
  7*0
*Parameter Groups
7
*Real Parameters
0
6
0
0
0
0
0
0.000000000000e+00
0.000000000000e+00
0.000000000000e+00
0.000000000000e+00
0.000000000000e+00
0.000000000000e+00
*Integer Parameters
0
0
0
0
0
0
0
*Parameter Groups
7
*Real Parameters
0
6
0
0
0
0
0
0.000000000000e+00
0.000000000000e+00
0.000000000000e+00
0.000000000000e+00
0.000000000000e+00
0.000000000000e+00
*Integer Parameters
0
0
0
0
0
0
0
*Parameter Groups
7
*Real Parameters
0
6
0
0
0
0
0
0.000000000000e+00
0.000000000000e+00
0.000000000000e+00
0.000000000000e+00
0.000000000000e+00
0.000000000000e+00
*Integer Parameters
0
0
0
0
0
0
0
*Parameter Groups
7
*Real Parameters
0
6
0
0
0
0
0
0.000000000000e+00
0.000000000000e+00
0.000000000000e+00
0.000000000000e+00
0.000000000000e+00
0.000000000000e+00
*Integer Parameters
0
0
0
0
0
0
0
*Parameter Groups
7
*Real Parameters
0
6
0
0
0
0
0
0.000000000000e+00
0.000000000000e+00
0.000000000000e+00
0.000000000000e+00
0.000000000000e+00
0.000000000000e+00
*Integer Parameters
0
0
0
0
0
0
0
*Parameter Groups
7
*Real Parameters
0
6
0
0
0
0
0
0.000000000000e+00
0.000000000000e+00
0.000000000000e+00
0.000000000000e+00
0.000000000000e+00
0.000000000000e+00
*Integer Parameters
0
0
0
0
0
0
0
*Parameter Groups
7
*Real Parameters
0
6
0
0
0
0
0
0.000000000000e+00
0.000000000000e+00
0.000000000000e+00
0.000000000000e+00
0.000000000000e+00
0.000000000000e+00
*Integer Parameters
0
0
0
0
0
0
0
*Parameter Groups
7
*Real Parameters
0
6
0
0
0
0
0
0.000000000000e+00
0.000000000000e+00
0.000000000000e+00
0.000000000000e+00
0.000000000000e+00
0.000000000000e+00
*Integer Parameters
0
0
0
0
0
0
0
*Parameter Groups
7
*Real Parameters
0
6
0
0
0
0
0
0.000000000000e+00
0.000000000000e+00
0.000000000000e+00
0.000000000000e+00
0.000000000000e+00
0.000000000000e+00
*Integer Parameters
0
0
0
0
0
0
0
*Parameter Groups
7
*Real Parameters
0
6
0
0
0
0
0
0.000000000000e+00
0.000000000000e+00
0.000000000000e+00
0.000000000000e+00
0.000000000000e+00
0.000000000000e+00
*Integer Parameters
0
0
0
0
0
0
0
*Parameter Groups
7
*Real Parameters
0
6
0
0
0
0
0
0.000000000000e+00
0.000000000000e+00
0.000000000000e+00
0.000000000000e+00
0.000000000000e+00
0.000000000000e+00
*Integer Parameters
0
0
0
0
0
0
0
*Parameter Groups
7
*Real Parameters
0
6
0
0
0
0
0
0.000000000000e+00
0.000000000000e+00
0.000000000000e+00
0.000000000000e+00
0.000000000000e+00
0.000000000000e+00
*Integer Parameters
0
0
0
0
0
0
0
*Parameter Groups
7
*Real Parameters
0
6
0
0
0
0
0
0.000000000000e+00
0.000000000000e+00
0.000000000000e+00
0.000000000000e+00
0.000000000000e+00
0.000000000000e+00
*Integer Parameters
0
0
0
0
0
0
0
*Parameter Groups
7
*Real Parameters
0
6
0
0
0
0
0
0.000000000000e+00
0.000000000000e+00
0.000000000000e+00
0.000000000000e+00
0.000000000000e+00
0.000000000000e+00
*Integer Parameters
0
0
0
0
0
0
0
*Parameter Groups
7
*Real Parameters
0
6
0
0
0
0
0
0.000000000000e+00
0.000000000000e+00
0.000000000000e+00
0.000000000000e+00
0.000000000000e+00
0.000000000000e+00
*Integer Parameters
0
0
0
0
0
0
0
*Parameter Groups
7
*Real Parameters
0
6
0
0
0
0
0
0.000000000000e+00
0.000000000000e+00
0.000000000000e+00
0.000000000000e+00
0.000000000000e+00
0.000000000000e+00
*Integer Parameters
0
0
0
0
0
0
0
*Parameter Groups
7
*Real Parameters
0
6
0
0
0
0
0
0.000000000000e+00
0.000000000000e+00
0.000000000000e+00
0.000000000000e+00
0.000000000000e+00
0.000000000000e+00
*Integer Parameters
0
0
0
0
0
0
0
*Parameter Groups
7
*Real Parameters
0
6
0
0
0
0
0
0.000000000000e+00
0.000000000000e+00
0.000000000000e+00
0.000000000000e+00
0.000000000000e+00
0.000000000000e+00
*Integer Parameters
0
0
0
0
0
0
0
*Parameter Groups
7
*Real Parameters
0
6
0
0
0
0
0
0.000000000000e+00
0.000000000000e+00
0.000000000000e+00
0.000000000000e+00
0.000000000000e+00
0.000000000000e+00
*Integer Parameters
0
0
0
0
0
0
0
*Parameter Groups
7
*Real Parameters
0
6
0
0
0
0
0
0.000000000000e+00
0.000000000000e+00
0.000000000000e+00
0.000000000000e+00
0.000000000000e+00
0.000000000000e+00
*Integer Parameters
0
0
0
0
0
0
0
