*Time
0 1 1
0.000000000000e+00 0.000000000000e+00 0.000000000000e+00 
0.000000000000e+00 0.000000000000e+00 0.000000000000e+00 
0.000000000000e+00 0.000000000000e+00 0.000000000000e+00 
0.000000000000e+00 0.000000000000e+00 0.000000000000e+00 
0.000000000000e+00 0.000000000000e+00 0.000000000000e+00 
0.000000000000e+00 0.000000000000e+00 0.000000000000e+00 
0.000000000000e+00 0.000000000000e+00 0.000000000000e+00 
0.000000000000e+00 0.000000000000e+00 0.000000000000e+00 
0.000000000000e+00 0.000000000000e+00 0.000000000000e+00 
*Time
1 2 1
-8.425943506694e-34 4.622231866529e-33 0.000000000000e+00 
1.250000000000e-03 5.614470973878e-30 -1.170492421069e-01 
1.250000000000e-03 -2.883827124833e-04 -1.005720172264e-01 
4.622231866529e-32 -3.198266345665e-04 0.000000000000e+00 
4.651469142224e-04 -3.397340421899e-31 0.000000000000e+00 
9.499952431814e-04 -8.666684749743e-34 0.000000000000e+00 
3.300238176277e-04 -4.632236066527e-04 0.000000000000e+00 
7.981882573621e-04 -4.496082071894e-04 0.000000000000e+00 
0.000000000000e+00 0.000000000000e+00 0.000000000000e+00 
*Time
2 3 1
-1.909078057374e-32 3.697785493223e-32 0.000000000000e+00 
2.500000000000e-03 5.719241562852e-30 -2.339842478831e-01 
2.500000000000e-03 -5.765350529670e-04 -2.009814444269e-01 
9.460167886830e-31 -6.393719297378e-04 0.000000000000e+00 
9.303147249971e-04 -8.658981029965e-31 0.000000000000e+00 
1.900053520496e-03 -1.709262825644e-33 0.000000000000e+00 
6.599714235210e-04 -9.260464740241e-04 0.000000000000e+00 
1.596370105127e-03 -8.988789340156e-04 0.000000000000e+00 
0.000000000000e+00 0.000000000000e+00 0.000000000000e+00 
*Time
3 4 1
-1.887411345499e-32 1.070046677102e-30 0.000000000000e+00 
3.750000000000e-03 -1.873544649900e-30 -3.508052310324e-01 
3.750000000000e-03 -8.644571818948e-04 -3.012286212199e-01 
-1.768774060925e-30 -9.586361994536e-04 0.000000000000e+00 
1.395503459690e-03 1.422877042913e-30 0.000000000000e+00 
2.850174814732e-03 -6.716680681050e-33 0.000000000000e+00 
9.898428928179e-04 -1.388469046192e-03 0.000000000000e+00 
2.394545573088e-03 -1.347812464614e-03 0.000000000000e+00 
0.000000000000e+00 0.000000000000e+00 0.000000000000e+00 
*Time
4 5 1
-1.444447458290e-32 -4.945788097186e-31 0.000000000000e+00 
5.000000000000e-03 2.514494135392e-29 -4.675124097867e-01 
5.000000000000e-03 -1.152149324496e-03 -4.013138942807e-01 
2.958228394579e-31 -1.277619826986e-03 0.000000000000e+00 
1.860713117866e-03 1.602373713730e-30 0.000000000000e+00 
3.800359146671e-03 0.000000000000e+00 0.000000000000e+00 
1.319638267663e-03 -1.850491841691e-03 0.000000000000e+00 
3.192714721322e-03 -1.796409155408e-03 0.000000000000e+00 
0.000000000000e+00 0.000000000000e+00 0.000000000000e+00 
*Time
5 6 1
-1.187335810715e-31 -9.244463733059e-33 0.000000000000e+00 
6.250000000000e-03 -4.930380657631e-30 -5.841060040606e-01 
6.250000000000e-03 -1.439611709492e-03 -5.012376069658e-01 
-1.226432188586e-30 -1.596323196476e-03 0.000000000000e+00 
2.325943696919e-03 1.084683744679e-30 0.000000000000e+00 
4.750606533052e-03 1.309632362183e-32 0.000000000000e+00 
1.649357591915e-03 -2.312115376204e-03 0.000000000000e+00 
3.990877610836e-03 -2.244669361709e-03 0.000000000000e+00 
0.000000000000e+00 0.000000000000e+00 0.000000000000e+00 
*Time
6 7 1
-2.060745040494e-32 -1.090846720501e-30 0.000000000000e+00 
7.500000000000e-03 3.549874073495e-30 -7.005862310401e-01 
7.500000000000e-03 -1.726844562347e-03 -6.010001035200e-01 
-5.546678239835e-32 -1.914746686879e-03 0.000000000000e+00 
2.791195195982e-03 1.972152263053e-31 0.000000000000e+00 
5.700916993712e-03 -8.104191447057e-34 0.000000000000e+00 
1.979000904765e-03 -2.773340166083e-03 0.000000000000e+00 
4.789034300226e-03 -2.692593440536e-03 0.000000000000e+00 
0.000000000000e+00 0.000000000000e+00 0.000000000000e+00 
*Time
7 8 1
1.729184163506e-31 5.016662319140e-30 0.000000000000e+00 
8.750000000000e-03 3.747089299800e-30 -8.169533091309e-01 
8.750000000000e-03 -2.013848107421e-03 -7.006017264367e-01 
1.756448109281e-31 -2.232890680156e-03 0.000000000000e+00 
3.256467614363e-03 -7.395570986447e-31 0.000000000000e+00 
6.651290549137e-03 0.000000000000e+00 0.000000000000e+00 
2.308568249105e-03 -3.234166726968e-03 0.000000000000e+00 
5.587184849928e-03 -3.140181746722e-03 0.000000000000e+00 
0.000000000000e+00 0.000000000000e+00 0.000000000000e+00 
*Time
8 9 1
1.203706215242e-32 1.109335647967e-31 0.000000000000e+00 
1.000000000000e-02 -8.677469957431e-30 -9.332074545733e-01 
1.000000000000e-02 -2.300622571217e-03 -8.000428181392e-01 
-1.263410043518e-31 -2.550755557245e-03 0.000000000000e+00 
3.721760950314e-03 -1.146313502899e-30 0.000000000000e+00 
7.601727217631e-03 3.081487911020e-33 0.000000000000e+00 
2.638059667494e-03 -3.694595572752e-03 0.000000000000e+00 
6.385329320150e-03 -3.587434634640e-03 0.000000000000e+00 
0.000000000000e+00 0.000000000000e+00 0.000000000000e+00 
*Time
9 10 1
3.466673899897e-33 -1.417484439069e-30 0.000000000000e+00 
1.125000000000e-02 4.220405842932e-29 -1.049348884675e+00 
1.125000000001e-02 -2.587168179114e-03 -8.993237193526e-01 
-4.560602108309e-31 -2.868341697278e-03 0.000000000000e+00 
4.187075202438e-03 -6.656013887802e-31 0.000000000000e+00 
8.552227018076e-03 1.232595164408e-32 0.000000000000e+00 
2.967475201422e-03 -4.154627216603e-03 0.000000000000e+00 
7.183467770727e-03 -4.034352458855e-03 0.000000000000e+00 
0.000000000000e+00 0.000000000000e+00 0.000000000000e+00 
*Time
10 11 1
8.820759145294e-32 -1.710225790616e-30 0.000000000000e+00 
1.250000000000e-02 4.220405842932e-29 -1.165377814706e+00 
1.250000000001e-02 -2.873485153821e-03 -9.984447706818e-01 
1.207943261120e-30 -3.185649480169e-03 0.000000000000e+00 
4.652410370471e-03 -4.486646398445e-30 0.000000000000e+00 
9.502789971881e-03 -0.000000000000e+00 0.000000000000e+00 
3.296814893689e-03 -4.614262172110e-03 0.000000000000e+00 
7.981600261920e-03 -4.480935572819e-03 0.000000000000e+00 
0.000000000000e+00 0.000000000000e+00 0.000000000000e+00 
*Time
11 12 1
1.147854246855e-31 6.310887241768e-30 0.000000000000e+00 
1.375000000000e-02 1.045240699418e-29 -1.281294460416e+00 
1.375000000001e-02 -3.159573719400e-03 -1.097406311787e+00 
-3.845696912952e-30 -3.502679284402e-03 0.000000000000e+00 
5.117766453450e-03 1.873544649900e-30 0.000000000000e+00 
1.045341609870e-02 0.000000000000e+00 0.000000000000e+00 
3.626078786347e-03 -5.073500951084e-03 0.000000000000e+00 
8.779726853763e-03 -4.927184329735e-03 0.000000000000e+00 
0.000000000000e+00 0.000000000000e+00 0.000000000000e+00 
*Time
12 13 1
-2.989043273689e-31 5.435744675039e-30 0.000000000000e+00 
1.500000000000e-02 1.577721810442e-30 -1.397099036727e+00 
1.500000000001e-02 -3.445434099755e-03 -1.196208681060e+00 
5.497374433259e-30 -3.819431488051e-03 0.000000000000e+00 
5.583143450210e-03 8.381647117973e-31 0.000000000000e+00 
1.140410541810e-02 4.810010036107e-32 0.000000000000e+00 
3.955266921780e-03 -5.532344064402e-03 0.000000000000e+00 
9.577847606345e-03 -5.373099082382e-03 0.000000000000e+00 
0.000000000000e+00 0.000000000000e+00 0.000000000000e+00 
*Time
13 14 1
9.244463733059e-33 5.053640174072e-31 0.000000000000e+00 
1.625000000000e-02 1.242455925723e-29 -1.512791757134e+00 
1.625000000001e-02 -3.731066517148e-03 -1.294852216921e+00 
1.288061946806e-30 -4.135906469463e-03 0.000000000000e+00 
6.048541360441e-03 -3.574525976783e-31 0.000000000000e+00 
1.235485795115e-02 -1.338521311349e-32 0.000000000000e+00 
4.284379343236e-03 -5.990792022921e-03 0.000000000000e+00 
1.037596258018e-02 -5.818680182467e-03 0.000000000000e+00 
0.000000000000e+00 0.000000000000e+00 0.000000000000e+00 
*Time
14 15 1
-1.001483571081e-31 -1.005797654157e-29 0.000000000000e+00 
1.750000000000e-02 7.937912858786e-29 -1.628372836160e+00 
1.750000000001e-02 -4.016471193593e-03 -1.393337255867e+00 
1.188221738489e-29 -4.452104604781e-03 0.000000000000e+00 
6.513960183544e-03 3.549874073495e-30 0.000000000000e+00 
1.330567371860e-02 0.000000000000e+00 0.000000000000e+00 
4.613416092456e-03 -6.448845336333e-03 0.000000000000e+00 
1.117407183510e-02 -6.263927982205e-03 0.000000000000e+00 
0.000000000000e+00 0.000000000000e+00 0.000000000000e+00 
*Time
15 16 1
-5.427270583283e-31 -8.104313205981e-30 0.000000000000e+00 
1.875000000000e-02 5.364254155503e-29 -1.743842487136e+00 
1.875000000001e-02 -4.301648353013e-03 -1.491664134190e+00 
1.516092052222e-29 -4.768026270273e-03 0.000000000000e+00 
6.979399918005e-03 -1.193152119147e-29 0.000000000000e+00 
1.425655273911e-02 -4.622231866529e-32 0.000000000000e+00 
4.942377211924e-03 -6.906504512531e-03 0.000000000000e+00 
1.197217543123e-02 -6.708842832715e-03 0.000000000000e+00 
0.000000000000e+00 0.000000000000e+00 0.000000000000e+00 
*Time
16 17 1
-1.345262066154e-31 -8.366239678418e-31 0.000000000000e+00 
2.000000000000e-02 5.403697200764e-29 -1.859200922052e+00 
2.000000000001e-02 -4.586598213055e-03 -1.589833188234e+00 
2.588449845256e-31 -5.083671841786e-03 0.000000000000e+00 
7.444860565292e-03 -1.232595164408e-30 0.000000000000e+00 
1.520749503749e-02 5.777789833162e-33 0.000000000000e+00 
5.271262744454e-03 -7.363770061532e-03 0.000000000000e+00 
1.277027342890e-02 -7.153425084669e-03 0.000000000000e+00 
0.000000000000e+00 0.000000000000e+00 0.000000000000e+00 
*Time
17 18 1
2.746857583182e-32 1.069892602706e-29 0.000000000000e+00 
2.125000000000e-02 -5.694589659564e-29 -1.974448353313e+00 
2.125000000001e-02 -4.871320998851e-03 -1.687844751984e+00 
-4.791713701635e-30 -5.399041695340e-03 0.000000000000e+00 
7.910342122915e-03 2.736361264985e-30 0.000000000000e+00 
1.615850063048e-02 -3.091117560742e-32 0.000000000000e+00 
5.600072733517e-03 -7.820642488446e-03 0.000000000000e+00 
1.356836588863e-02 -7.597675087905e-03 0.000000000000e+00 
0.000000000000e+00 0.000000000000e+00 0.000000000000e+00 
*Time
18 19 1
-2.388153131040e-32 -2.539146038680e-30 0.000000000000e+00 
2.250000000000e-02 2.524354896707e-29 -2.089584992657e+00 
2.250000000001e-02 -5.155816926563e-03 -1.785699159004e+00 
1.355854680849e-30 -5.714136205243e-03 0.000000000000e+00 
8.375844592783e-03 1.124126789940e-29 0.000000000000e+00 
1.710956954372e-02 4.448898171535e-32 0.000000000000e+00 
5.928807221698e-03 -8.277122302015e-03 0.000000000000e+00 
1.436645287061e-02 -8.041593192296e-03 0.000000000000e+00 
0.000000000000e+00 0.000000000000e+00 0.000000000000e+00 
*Time
19 20 1
-7.549645381998e-32 -7.855328982771e-29 0.000000000000e+00 
2.375000000000e-02 1.609276246651e-28 -2.204611050868e+00 
2.375000000001e-02 -5.440086219508e-03 -1.883396742960e+00 
4.894019100281e-29 -6.028955745856e-03 0.000000000000e+00 
8.841367973070e-03 -2.248253579880e-29 0.000000000000e+00 
1.806070179538e-02 -4.314083075427e-32 0.000000000000e+00 
6.257466252098e-03 -8.733210006406e-03 0.000000000000e+00 
1.516453443527e-02 -8.485179746882e-03 0.000000000000e+00 
0.000000000000e+00 0.000000000000e+00 0.000000000000e+00 
*Time
20 21 1
4.745491382970e-31 2.770873929589e-29 0.000000000000e+00 
2.500000000000e-02 -8.598583866909e-29 -2.319526738452e+00 
2.500000000001e-02 -5.724129095638e-03 -1.980937835598e+00 
-2.206345344290e-29 -6.343500689204e-03 0.000000000000e+00 
9.306912264442e-03 3.549874073495e-30 0.000000000000e+00 
1.901189740861e-02 1.097780068301e-32 0.000000000000e+00 
6.586049866364e-03 -9.188906107306e-03 0.000000000000e+00 
1.596261064221e-02 -8.928435101134e-03 0.000000000000e+00 
0.000000000000e+00 0.000000000000e+00 0.000000000000e+00 
